5
2048
2065
1582
2791
2441
2066
2048
2048
2500
1283
1637
2048
1700
1595
2560
2400
2512
1536
2048
2048
2416
3264
2585
2066
2048
2048
1701
809
1517
2048
0
1595
1845
4095
2512
2266
2044
2050
2342
3303
2927
2052
2045
2051
1745
783
1156
2046
1345
1593
3088
2751
2480
1018
2048
2054
2000
3197
2937
2056
2054
2052
2104
897
1155
2055
2098
1628
1717
1963
2509
2338
2047
2066
1584
2787
2453
2064
2046
2051
2528
1289
1664
2048
1706
1593
2560
2394
2513
1534
