6
2048
2048
781
3482
2603
2066
2048
2048
3326
605
1501
2048
2175
2480
2560
1860
1521
1536
2048
2048
764
3497
2602
2066
2048
2048
3339
587
1504
2048
2172
2475
2560
1861
1526
1536
2048
2065
750
3505
2600
2066
2048
2065
3350
580
1501
2048
1400
1595
1200
2700
2512
2900
2048
2065
750
3505
2600
2066
2048
2065
3350
578
1501
2048
2000
1595
1200
2100
2512
2900
2050
2048
631
3516
2600
2066
2046
2048
3438
586
1501
2048
2589
1587
3010
1455
2512
1039
2060
2062
1619
2748
2409
2065
2050
2054
2487
1356
1690
2043
1942
1592
2556
2120
2509
1539
