5
2063
2036
2601
1316
1715
2049
2040
2075
1489
2773
2377
2061
430
627
328
0
608
387
717
0
0
0
0
2048
2048
1738
792
1567
2084
2048
2048
2337
3305
2519
2059
891
640
540
0
143
374
499
0
0
0
0
2045
2051
1745
783
1161
2053
2044
2050
2342
3303
2920
2051
555
626
208
0
479
385
824
0
0
0
0
2054
2052
1900
897
1162
2053
2048
2054
2150
3197
2926
2044
700
614
400
0
300
406
601
0
0
0
0
2107
2043
2662
1099
1602
2013
2098
2122
1436
3023
2522
2062
380
626
293
0
648
387
747
0
0
0
0
