0,0,0.082375
0.01,0.031698,0.082375
0.02,0.063961,0.082375
0.03,0.096786,0.082379
0.04,0.13017,0.082386
0.05,0.16412,0.082398
0.06,0.19862,0.082418
0.07,0.23368,0.082447
0.08,0.26929,0.082486
0.09,0.30546,0.082537
0.1,0.34217,0.044552
0.11,0.37942,0.044633
0.12,0.41722,0.044731
0.13,0.45556,0.044849
0.14,0.49443,0.044987
0.15,0.53384,0.045148
0.16,0.57377,0.045333
0.17,0.61423,0.045545
0.18,0.65521,0.045785
0.19,0.6967,0.046056
0.2,0.7387,0.0073426
0.21,0.78121,0.0076786
0.22,0.82422,0.0080504
0.23,0.86772,0.0084599
0.24,0.91171,0.0089091
0.25,0.95619,0.0093999
0.26,1.0011,0.0099343
0.27,1.0466,0.010514
0.28,1.0924,0.011142
0.29,1.1388,0.011819
0.3,1.1855,0.032101
0.31,1.2328,0.032884
0.32,1.2804,0.033722
0.33,1.3285,0.034618
0.34,1.377,0.035574
0.35,1.4258,0.036591
0.36,1.4751,0.037673
0.37,1.5248,0.038821
0.38,1.5748,0.040037
0.39,1.6252,0.041324
0.4,1.6759,-0.031431
0.41,1.727,-0.029997
0.42,1.7784,-0.028486
0.43,1.8301,-0.026897
0.44,1.8821,-0.025227
0.45,1.9344,-0.023473
0.46,1.987,-0.021634
0.47,2.0398,-0.019707
0.48,2.0929,-0.017691
0.49,2.1462,-0.015582
0.5,2.1997,0.15581
0.51,2.2534,0.1581
0.52,2.3073,0.1605
0.53,2.3613,0.163
0.54,2.4155,0.1656
0.55,2.4698,0.16831
0.56,2.5242,0.17112
0.57,2.5787,0.17404
0.58,2.6332,0.17707
0.59,2.6879,0.18022
0.6,2.7425,0.067721
0.61,2.7971,0.071101
0.62,2.8517,0.0746
0.63,2.9063,0.078222
0.64,2.9608,0.081968
0.65,3.0153,0.085839
0.66,3.0696,0.089839
0.67,3.1238,0.09397
0.68,3.1778,0.098232
0.69,3.2317,0.10263
0.7,3.2853,0.23006
0.71,3.3387,0.23473
0.72,3.3918,0.23954
0.73,3.4447,0.2445
0.74,3.4972,0.24959
0.75,3.5494,0.25484
0.76,3.6012,0.26023
0.77,3.6526,0.26577
0.78,3.7036,0.27147
0.79,3.7541,0.27731
0.8,3.8041,0.17491
0.81,3.8535,0.18107
0.82,3.9025,0.18739
0.83,3.9508,0.19387
0.84,3.9985,0.2005
0.85,4.0455,0.20731
0.86,4.0919,0.21427
0.87,4.1375,0.22141
0.88,4.1824,0.22871
0.89,4.2265,0.23618
0.9,4.2698,0.28678
0.91,4.3121,0.29459
0.92,4.3536,0.30258
0.93,4.3942,0.31074
0.94,4.4338,0.31907
0.95,4.4724,0.32759
0.96,4.5099,0.33628
0.97,4.5464,0.34514
0.98,4.5817,0.35419
0.99,4.6159,0.36342
1,4.6489,0.20893
1.01,4.6806,0.21853
1.02,4.7111,0.2283
1.03,4.7403,0.23826
1.04,4.7682,0.2484
1.05,4.7946,0.25873
1.06,4.8197,0.26924
1.07,4.8432,0.27994
1.08,4.8653,0.29082
1.09,4.8859,0.30189
1.1,4.9048,0.36582
1.11,4.9222,0.37726
1.12,4.9379,0.38889
1.13,4.952,0.4007
1.14,4.9643,0.4127
1.15,4.9748,0.42488
1.16,4.9836,0.43725
1.17,4.9905,0.44981
1.18,4.9956,0.46255
1.19,4.9988,0.47547
1.2,5,0.62626
1.21,4.9992,0.63954
1.22,4.9965,0.65301
1.23,4.9917,0.66666
1.24,4.9849,0.68049
1.25,4.9759,0.69449
1.26,4.9648,0.70867
1.27,4.9516,0.72303
1.28,4.9362,0.73756
1.29,4.9185,0.75227
1.3,4.8986,0.63386
1.31,4.8765,0.6489
1.32,4.852,0.66411
1.33,4.8253,0.67949
1.34,4.7961,0.69503
1.35,4.7647,0.71073
1.36,4.7308,0.72659
1.37,4.6945,0.7426
1.38,4.6558,0.75877
1.39,4.6147,0.77509
1.4,4.5711,0.87757
1.41,4.5251,0.89418
1.42,4.4766,0.91094
1.43,4.4256,0.92784
1.44,4.3721,0.94487
1.45,4.3161,0.96204
1.46,4.2575,0.97933
1.47,4.1965,0.99676
1.48,4.133,1.0143
1.49,4.067,1.032
1.5,3.9984,0.98347
1.51,3.9274,1.0014
1.52,3.8538,1.0194
1.53,3.7778,1.0375
1.54,3.6993,1.0557
1.55,3.6184,1.074
1.56,3.535,1.0924
1.57,3.4492,1.1108
1.58,3.361,1.1294
1.59,3.2704,1.148
1.6,3.1774,1.1826
1.61,3.0822,1.2014
1.62,2.9846,1.2202
1.63,2.8848,1.2391
1.64,2.7827,1.2581
1.65,2.6785,1.2771
1.66,2.5721,1.2961
1.67,2.4636,1.3152
1.68,2.3531,1.3343
1.69,2.2405,1.3534
1.7,2.1261,1.2867
1.71,2.0097,1.3059
1.72,1.8915,1.325
1.73,1.7715,1.3442
1.74,1.6498,1.3634
1.75,1.5264,1.3825
1.76,1.4015,1.4017
1.77,1.275,1.4208
1.78,1.1472,1.4399
1.79,1.018,1.459
1.8,0.88748,1.4835
1.81,0.75582,1.5025
1.82,0.62305,1.5214
1.83,0.48927,1.5403
1.84,0.35458,1.5591
1.85,0.21906,1.5778
1.86,0.082809,1.5965
1.87,-0.054066,1.6151
1.88,-0.19146,1.6335
1.89,-0.32928,1.6519
1.9,-0.46741,1.8296
1.91,-0.60575,1.8478
1.92,-0.74417,1.8659
1.93,-0.88257,1.8838
1.94,-1.0208,1.9016
1.95,-1.1588,1.9193
1.96,-1.2964,1.9368
1.97,-1.4336,1.9542
1.98,-1.57,1.9714
1.99,-1.7058,1.9885
2,-1.8406,1.9326
2.01,-1.9745,1.9493
2.02,-2.1072,1.9659
2.03,-2.2386,1.9823
2.04,-2.3686,1.9985
2.05,-2.4971,2.0145
2.06,-2.6238,2.0303
2.07,-2.7488,2.0459
2.08,-2.8718,2.0613
2.09,-2.9928,2.0765
2.1,-3.1115,2.0381
2.11,-3.2278,2.0528
2.12,-3.3417,2.0674
2.13,-3.4529,2.0816
2.14,-3.5613,2.0957
2.15,-3.6668,2.1095
2.16,-3.7693,2.123
2.17,-3.8686,2.1363
2.18,-3.9645,2.1494
2.19,-4.057,2.1622
2.2,-4.146,2.1771
2.21,-4.2312,2.1894
2.22,-4.3126,2.2014
2.23,-4.39,2.2131
2.24,-4.4633,2.2246
2.25,-4.5325,2.2358
2.26,-4.5973,2.2467
2.27,-4.6576,2.2573
2.28,-4.7134,2.2677
2.29,-4.7646,2.2777
2.3,-4.811,2.4026
2.31,-4.8525,2.4121
2.32,-4.8891,2.4213
2.33,-4.9206,2.4302
2.34,-4.947,2.4389
2.35,-4.9681,2.4473
2.36,-4.984,2.4553
2.37,-4.9945,2.4631
2.38,-4.9995,2.4707
2.39,-4.9991,2.4779
2.4,-4.993,2.4199
2.41,-4.9814,2.4266
2.42,-4.9641,2.433
2.43,-4.9412,2.4391
2.44,-4.9125,2.445
2.45,-4.878,2.4505
2.46,-4.8378,2.4558
2.47,-4.7919,2.4609
2.48,-4.7401,2.4656
2.49,-4.6827,2.4702
2.5,-4.6194,2.5147
2.51,-4.5504,2.5187
2.52,-4.4757,2.5225
2.53,-4.3954,2.526
2.54,-4.3094,2.5293
2.55,-4.2178,2.5324
2.56,-4.1208,2.5352
2.57,-4.0183,2.5378
2.58,-3.9105,2.5402
2.59,-3.7974,2.5424
2.6,-3.6791,2.5362
2.61,-3.5557,2.538
2.62,-3.4274,2.5396
2.63,-3.2943,2.541
2.64,-3.1564,2.5423
2.65,-3.014,2.5434
2.66,-2.8672,2.5443
2.67,-2.7161,2.5451
2.68,-2.561,2.5458
2.69,-2.4019,2.5463
2.7,-2.2391,2.5721
2.71,-2.0728,2.5724
2.72,-1.9031,2.5726
2.73,-1.7303,2.5726
2.74,-1.5545,2.5726
2.75,-1.3761,2.5725
2.76,-1.1952,2.5723
2.77,-1.0121,2.5721
2.78,-0.82695,2.5718
2.79,-0.6401,2.5715
2.8,-0.45177,2.546
2.81,-0.26223,2.5456
2.82,-0.071752,2.5452
2.83,0.1194,2.5448
2.84,0.31094,2.5444
2.85,0.50259,2.544
2.86,0.69405,2.5436
2.87,0.88504,2.5432
2.88,1.0753,2.5429
2.89,1.2644,2.5427
2.9,1.4522,2.4193
2.91,1.6383,2.4192
2.92,1.8224,2.4192
2.93,2.0042,2.4192
2.94,2.1834,2.4193
2.95,2.3598,2.4196
2.96,2.5329,2.4199
2.97,2.7025,2.4204
2.98,2.8682,2.4209
2.99,3.0299,2.4217
3,3.1871,2.5439
3.01,3.3396,2.5449
3.02,3.4871,2.5461
3.03,3.6293,2.5474
3.04,3.766,2.5489
3.05,3.8967,2.5506
3.06,4.0214,2.5524
3.07,4.1397,2.5545
3.08,4.2513,2.5567
3.09,4.356,2.5592
3.1,4.4536,2.6148
3.11,4.5439,2.6177
3.12,4.6265,2.6207
3.13,4.7014,2.6239
3.14,4.7683,2.6274
3.15,4.8271,2.6311
3.16,4.8775,2.635
3.17,4.9195,2.6391
3.18,4.9528,2.6434
3.19,4.9774,2.648
3.2,4.993,2.6248
3.21,4.9997,2.6298
3.22,4.9974,2.635
3.23,4.9859,2.6404
3.24,4.9652,2.6461
3.25,4.9353,2.652
3.26,4.8962,2.6581
3.27,4.8479,2.6644
3.28,4.7903,2.6709
3.29,4.7236,2.6777
3.3,4.6477,2.4649
3.31,4.5628,2.4721
3.32,4.469,2.4794
3.33,4.3663,2.4869
3.34,4.2549,2.4946
3.35,4.135,2.5024
3.36,4.0066,2.5105
3.37,3.8701,2.5186
3.38,3.7256,2.527
3.39,3.5733,2.5355
3.4,3.4136,2.6929
3.41,3.2465,2.7016
3.42,3.0726,2.7105
3.43,2.8919,2.7195
3.44,2.705,2.7286
3.45,2.512,2.7378
3.46,2.3134,2.747
3.47,2.1095,2.7564
3.48,1.9008,2.7658
3.49,1.6875,2.7752
3.5,1.4702,2.7813
3.51,1.2493,2.7908
3.52,1.0251,2.8004
3.53,0.79827,2.8099
3.54,0.56915,2.8195
3.55,0.33825,2.829
3.56,0.10605,2.8385
3.57,-0.12694,2.848
3.58,-0.36022,2.8575
3.59,-0.59327,2.8669
3.6,-0.82558,2.9215
3.61,-1.0566,2.9307
3.62,-1.2859,2.9399
3.63,-1.5128,2.9489
3.64,-1.7369,2.9578
3.65,-1.9576,2.9666
3.66,-2.1744,2.9753
3.67,-2.3867,2.9838
3.68,-2.5941,2.9922
3.69,-2.7961,3.0004
3.7,-2.992,2.9498
3.71,-3.1815,2.9577
3.72,-3.364,2.9653
3.73,-3.5391,2.9728
3.74,-3.7063,2.98
3.75,-3.8651,2.9871
3.76,-4.015,2.9939
3.77,-4.1558,3.0005
3.78,-4.2869,3.0069
3.79,-4.408,3.013
3.8,-4.5188,3.0549
3.81,-4.6188,3.0605
3.82,-4.7078,3.0659
3.83,-4.7854,3.071
3.84,-4.8514,3.0759
3.85,-4.9056,3.0805
3.86,-4.9477,3.0848
3.87,-4.9776,3.0889
3.88,-4.995,3.0927
3.89,-4.9999,3.0962
3.9,-4.9922,3.2133
3.91,-4.9717,3.2163
3.92,-4.9386,3.219
3.93,-4.8926,3.2215
3.94,-4.834,3.2238
3.95,-4.7627,3.2258
3.96,-4.679,3.2275
3.97,-4.5828,3.2291
3.98,-4.4743,3.2303
3.99,-4.3539,3.2314
4,-4.2216,3.1785
4.01,-4.0779,3.1792
4.02,-3.923,3.1796
4.03,-3.7572,3.1798
4.04,-3.5809,3.1798
4.05,-3.3946,3.1796
4.06,-3.1986,3.1793
4.07,-2.9935,3.1788
4.08,-2.7798,3.1781
4.09,-2.5579,3.1773
4.1,-2.3285,3.1354
4.11,-2.0922,3.1344
4.12,-1.8495,3.1333
4.13,-1.6011,3.132
4.14,-1.3477,3.1307
4.15,-1.0899,3.1294
4.16,-0.82856,3.1279
4.17,-0.56425,3.1265
4.18,-0.29777,3.125
4.19,-0.029876,3.1235
4.2,0.23867,3.0377
4.21,0.50709,3.0362
4.22,0.7746,3.0347
4.23,1.0404,3.0333
4.24,1.3037,3.0319
4.25,1.5637,3.0306
4.26,1.8197,3.0294
4.27,2.0708,3.0282
4.28,2.3162,3.0272
4.29,2.5552,3.0263
4.3,2.787,3.0858
4.31,3.0109,3.0851
4.32,3.2261,3.0846
4.33,3.4319,3.0842
4.34,3.6277,3.084
4.35,3.8127,3.084
4.36,3.9864,3.0841
4.37,4.1481,3.0844
4.38,4.2972,3.085
4.39,4.4333,3.0857
4.4,4.5557,3.1021
4.41,4.6641,3.1033
4.42,4.758,3.1047
4.43,4.8369,3.1063
4.44,4.9007,3.1082
4.45,4.9489,3.1103
4.46,4.9813,3.1126
4.47,4.9978,3.1151
4.48,4.9981,3.1179
4.49,4.9823,3.1209
4.5,4.9501,3.0743
4.51,4.9017,3.0778
4.52,4.8371,3.0815
4.53,4.7564,3.0854
4.54,4.6599,3.0895
4.55,4.5476,3.0939
4.56,4.4199,3.0984
4.57,4.2772,3.1032
4.58,4.1199,3.1081
4.59,3.9483,3.1133
4.6,3.763,3.1341
4.61,3.5645,3.1396
4.62,3.3535,3.1452
4.63,3.1306,3.151
4.64,2.8965,3.1569
4.65,2.6519,3.1629
4.66,2.3976,3.169
4.67,2.1346,3.1752
4.68,1.8635,3.1815
4.69,1.5854,3.1879
4.7,1.3012,3.2475
4.71,1.0118,3.2539
4.72,0.71831,3.2604
4.73,0.4217,3.2669
4.74,0.12301,3.2734
4.75,-0.17668,3.2798
4.76,-0.4763,3.2863
4.77,-0.77476,3.2927
4.78,-1.071,3.299
4.79,-1.3638,3.3052
4.8,-1.6522,3.3922
4.81,-1.9351,3.3983
4.82,-2.2114,3.4042
4.83,-2.48,3.41
4.84,-2.74,3.4157
4.85,-2.9902,3.4212
4.86,-3.2296,3.4265
4.87,-3.4574,3.4317
4.88,-3.6726,3.4366
4.89,-3.8743,3.4414
4.9,-4.0616,3.163
4.91,-4.2339,3.1673
4.92,-4.3902,3.1714
4.93,-4.53,3.1753
4.94,-4.6526,3.179
4.95,-4.7575,3.1824
4.96,-4.844,3.1855
4.97,-4.9119,3.1884
4.98,-4.9607,3.1911
4.99,-4.9902,3.1935
5,-5,3.2908
5.01,-4.9901,3.2927
5.02,-4.9604,3.2943
5.03,-4.911,3.2957
5.04,-4.8418,3.2968
5.05,-4.7531,3.2976
5.06,-4.6451,3.2983
5.07,-4.5182,3.2987
5.08,-4.3728,3.2989
5.09,-4.2093,3.2988
5.1,-4.0284,3.4556
5.11,-3.8307,3.4551
5.12,-3.6169,3.4545
5.13,-3.3877,3.4536
5.14,-3.1442,3.4526
5.15,-2.8872,3.4515
5.16,-2.6177,3.4502
5.17,-2.3368,3.4488
5.18,-2.0457,3.4472
5.19,-1.7453,3.4456
5.2,-1.4371,3.4056
5.21,-1.1223,3.4038
5.22,-0.80215,3.402
5.23,-0.47802,3.4001
5.24,-0.15128,3.3981
5.25,0.17668,3.3962
5.26,0.50443,3.3943
5.27,0.83057,3.3924
5.28,1.1537,3.3906
5.29,1.4723,3.3888
5.3,1.785,3.3268
5.31,2.0904,3.3252
5.32,2.3872,3.3236
5.33,2.6739,3.3222
5.34,2.9492,3.321
5.35,3.2119,3.3199
5.36,3.4607,3.3189
5.37,3.6944,3.3181
5.38,3.9119,3.3175
5.39,4.1121,3.317
5.4,4.2941,3.3653
5.41,4.4569,3.3653
5.42,4.5996,3.3655
5.43,4.7216,3.3659
5.44,4.8222,3.3665
5.45,4.9007,3.3674
5.46,4.9567,3.3685
5.47,4.9899,3.3699
5.48,4.9999,3.3715
5.49,4.9867,3.3733
5.5,4.9501,3.2769
5.51,4.8902,3.2792
5.52,4.8072,3.2817
5.53,4.7014,3.2845
5.54,4.5731,3.2875
5.55,4.4229,3.2907
5.56,4.2513,3.2941
5.57,4.0591,3.2977
5.58,3.847,3.3014
5.59,3.6161,3.3054
5.6,3.3674,3.3064
5.61,3.1019,3.3107
5.62,2.8209,3.3151
5.63,2.5257,3.3196
5.64,2.2176,3.3243
5.65,1.8982,3.329
5.66,1.5688,3.3338
5.67,1.2312,3.3387
5.68,0.88699,3.3436
5.69,0.53777,3.3486
5.7,0.18531,3.4482
5.71,-0.16864,3.4532
5.72,-0.52231,3.4581
5.73,-0.87391,3.463
5.74,-1.2216,3.4679
5.75,-1.5637,3.4726
5.76,-1.8984,3.4773
5.77,-2.224,3.4818
5.78,-2.5386,3.4863
5.79,-2.8407,3.4906
5.8,-3.1287,3.5794
5.81,-3.4009,3.5834
5.82,-3.6559,3.5872
5.83,-3.8923,3.5908
5.84,-4.1088,3.5942
5.85,-4.3041,3.5974
5.86,-4.4771,3.6004
5.87,-4.6268,3.6031
5.88,-4.7523,3.6056
5.89,-4.8528,3.6078
5.9,-4.9277,3.5556
5.91,-4.9764,3.5574
5.92,-4.9986,3.5589
5.93,-4.9939,3.5601
5.94,-4.9624,3.5611
5.95,-4.9041,3.5619
5.96,-4.8191,3.5624
5.97,-4.7078,3.5626
5.98,-4.5707,3.5626
5.99,-4.4084,3.5624
6,-4.2216,3.4731
6.01,-4.0114,3.4725
6.02,-3.7788,3.4716
6.03,-3.5248,3.4706
6.04,-3.251,3.4694
6.05,-2.9586,3.4681
6.06,-2.6493,3.4665
6.07,-2.3246,3.4649
6.08,-1.9864,3.4632
6.09,-1.6365,3.4613
6.1,-1.2769,3.5579
6.11,-0.90946,3.5559
6.12,-0.5363,3.5538
6.13,-0.15953,3.5518
6.14,0.21871,3.5497
6.15,0.59627,3.5477
6.16,0.97095,3.5456
6.17,1.3406,3.5436
6.18,1.703,3.5417
6.19,2.0561,3.5399
6.2,2.3977,3.458
6.21,2.7259,3.4564
6.22,3.0386,3.455
6.23,3.3338,3.4536
6.24,3.6099,3.4525
6.25,3.8651,3.4515
6.26,4.0977,3.4507
6.27,4.3063,3.4501
6.28,4.4895,3.4497
6.29,4.6462,3.4495
6.3,4.7753,3.4158
6.31,4.8758,3.4161
6.32,4.947,3.4166
6.33,4.9885,3.4174
6.34,4.9997,3.4184
6.35,4.9806,3.4196
6.36,4.931,3.4211
6.37,4.8512,3.4228
6.38,4.7415,3.4248
6.39,4.6025,3.427
6.4,4.4349,3.4492
6.41,4.2396,3.4519
6.42,4.0177,3.4547
6.43,3.7704,3.4577
6.44,3.4993,3.4608
6.45,3.2058,3.4642
6.46,2.8919,3.4677
6.47,2.5592,3.4713
6.48,2.21,3.475
6.49,1.8462,3.4789
6.5,1.4702,3.4709
6.51,1.0843,3.4749
6.52,0.69094,3.4789
6.53,0.2926,3.483
6.54,-0.10819,3.4871
6.55,-0.50884,3.4911
6.56,-0.90677,3.4951
6.57,-1.2994,3.4991
6.58,-1.6841,3.5029
6.59,-2.0584,3.5067
6.6,-2.4198,3.5389
6.61,-2.7658,3.5425
6.62,-3.0941,3.5459
6.63,-3.4026,3.5491
6.64,-3.6889,3.5522
6.65,-3.9513,3.5551
6.66,-4.1877,3.5577
6.67,-4.3966,3.5602
6.68,-4.5764,3.5624
6.69,-4.7258,3.5644
6.7,-4.8437,3.6207
6.71,-4.9291,3.6223
6.72,-4.9814,3.6235
6.73,-5,3.6246
6.74,-4.9846,3.6253
6.75,-4.9353,3.6259
6.76,-4.8523,3.6261
6.77,-4.7359,3.6262
6.78,-4.5868,3.626
6.79,-4.406,3.6255
6.8,-4.1945,3.5099
6.81,-3.9537,3.509
6.82,-3.6851,3.508
6.83,-3.3905,3.5067
6.84,-3.0719,3.5053
6.85,-2.7313,3.5038
6.86,-2.3711,3.5021
6.87,-1.9938,3.5003
6.88,-1.6019,3.4984
6.89,-1.1981,3.4964
6.9,-0.78528,3.5944
6.91,-0.36633,3.5923
6.92,0.055794,3.5902
6.93,0.47808,3.5881
6.94,0.8975,3.586
6.95,1.311,3.584
6.96,1.7157,3.582
6.97,2.1084,3.5801
6.98,2.4865,3.5784
6.99,2.8469,3.5767
7,3.1871,3.6304
7.01,3.5045,3.6291
7.02,3.7966,3.6279
7.03,4.0613,3.6269
7.04,4.2964,3.626
7.05,4.5001,3.6254
7.06,4.6708,3.6251
7.07,4.807,3.6249
7.08,4.9077,3.625
7.09,4.9719,3.6253
7.1,4.9991,3.5564
7.11,4.9887,3.5572
7.12,4.9409,3.5582
7.13,4.8558,3.5595
7.14,4.7338,3.561
7.15,4.5759,3.5628
7.16,4.383,3.5647
7.17,4.1565,3.5669
7.18,3.8979,3.5693
7.19,3.6092,3.5719
7.2,3.2924,3.6137
7.21,2.9499,3.6166
7.22,2.5841,3.6196
7.23,2.198,3.6228
7.24,1.7943,3.6261
7.25,1.3761,3.6294
7.26,0.94666,3.6328
7.27,0.50928,3.6362
7.28,0.067354,3.6397
7.29,-0.37566,3.6432
7.3,-0.81629,3.5932
7.31,-1.251,3.5966
7.32,-1.6764,3.5999
7.33,-2.089,3.6031
7.34,-2.4856,3.6062
7.35,-2.8628,3.6092
7.36,-3.2176,3.6121
7.37,-3.5471,3.6148
7.38,-3.8485,3.6173
7.39,-4.1192,3.6196
7.4,-4.3571,3.7681
7.41,-4.56,3.77
7.42,-4.7261,3.7717
7.43,-4.854,3.7731
7.44,-4.9424,3.7743
7.45,-4.9906,3.7752
7.46,-4.9979,3.7759
7.47,-4.9641,3.7763
7.48,-4.8894,3.7765
7.49,-4.7742,3.7764
7.5,-4.6194,3.6988
7.51,-4.426,3.6982
7.52,-4.1956,3.6975
7.53,-3.9299,3.6965
7.54,-3.631,3.6954
7.55,-3.3013,3.6941
7.56,-2.9434,3.6926
7.57,-2.5603,3.6909
7.58,-2.1551,3.6891
7.59,-1.7312,3.6873
7.6,-1.2921,3.4917
7.61,-0.84141,3.4897
7.62,-0.38302,3.4876
7.63,0.079196,3.4855
7.64,0.5413,3.4834
7.65,0.99932,3.4813
7.66,1.4493,3.4793
7.67,1.8873,3.4774
7.68,2.3095,3.4755
7.69,2.7122,3.4738
7.7,3.0918,3.6029
7.71,3.4449,3.6015
7.72,3.7683,3.6002
7.73,4.0591,3.5991
7.74,4.3146,3.5982
7.75,4.5325,3.5975
7.76,4.7106,3.597
7.77,4.8473,3.5968
7.78,4.9411,3.5968
7.79,4.9912,3.597
7.8,4.9969,3.4672
7.81,4.958,3.4679
7.82,4.8746,3.4688
7.83,4.7474,3.47
7.84,4.5774,3.4715
7.85,4.3659,3.4731
7.86,4.1147,3.475
7.87,3.826,3.477
7.88,3.5021,3.4793
7.89,3.1461,3.4817
7.9,2.7608,3.6848
7.91,2.3499,3.6875
7.92,1.917,3.6903
7.93,1.466,3.6933
7.94,1.0009,3.6962
7.95,0.52603,3.6992
7.96,0.045741,3.7023
7.97,-0.43553,3.7053
7.98,-0.91332,3.7084
7.99,-1.3832,3.7113
8,-1.8406,3.6694
8.01,-2.2814,3.6722
8.02,-2.7013,3.6749
8.03,-3.0962,3.6775
8.04,-3.4625,3.6799
8.05,-3.7964,3.6821
8.06,-4.0948,3.6842
8.07,-4.3546,3.686
8.08,-4.5734,3.6876
8.09,-4.7487,3.689
8.1,-4.8789,3.7075
8.11,-4.9625,3.7084
8.12,-4.9985,3.709
8.13,-4.9864,3.7094
8.14,-4.9263,3.7096
8.15,-4.8184,3.7095
8.16,-4.6637,3.7092
8.17,-4.4635,3.7087
8.18,-4.2197,3.7079
8.19,-3.9344,3.7069
8.2,-3.6103,3.7223
8.21,-3.2504,3.721
8.22,-2.8581,3.7195
8.23,-2.4373,3.7178
8.24,-1.992,3.716
8.25,-1.5264,3.7141
8.26,-1.0452,3.7122
8.27,-0.55301,3.7102
8.28,-0.054788,3.7081
8.29,0.44454,3.7061
8.3,0.93999,3.7661
8.31,1.4266,3.7641
8.32,1.8994,3.7622
8.33,2.3535,3.7604
8.34,2.7845,3.7587
8.35,3.1877,3.7571
8.36,3.5591,3.7557
8.37,3.8947,3.7544
8.38,4.191,3.7534
8.39,4.4448,3.7525
8.4,4.6535,3.6053
8.41,4.8146,3.6049
8.42,4.9265,3.6047
8.43,4.9877,3.6048
8.44,4.9975,3.6051
8.45,4.9556,3.6057
8.46,4.8623,3.6064
8.47,4.7183,3.6075
8.48,4.525,3.6087
8.49,4.2843,3.6102
8.5,3.9984,3.6248
8.51,3.6704,3.6267
8.52,3.3034,3.6288
8.53,2.9012,3.631
8.54,2.4679,3.6334
8.55,2.0081,3.6359
8.56,1.5264,3.6385
8.57,1.0281,3.6411
8.58,0.51818,3.6438
8.59,0.0022305,3.6466
8.6,-0.51431,3.7026
8.61,-1.0259,3.7053
8.62,-1.527,3.708
8.63,-2.0123,3.7105
8.64,-2.4763,3.713
8.65,-2.9141,3.7154
8.66,-3.3208,3.7176
8.67,-3.6918,3.7197
8.68,-4.0231,3.7215
8.69,-4.3109,3.7232
8.7,-4.5518,3.7503
8.71,-4.7432,3.7515
8.72,-4.8827,3.7525
8.73,-4.9686,3.7533
8.74,-4.9999,3.7538
8.75,-4.9759,3.754
8.76,-4.8969,3.7541
8.77,-4.7634,3.7538
8.78,-4.5768,3.7534
8.79,-4.339,3.7527
8.8,-4.0525,3.6037
8.81,-3.7203,3.6026
8.82,-3.3461,3.6013
8.83,-2.9338,3.5999
8.84,-2.4881,3.5983
8.85,-2.0138,3.5965
8.86,-1.5163,3.5947
8.87,-1.001,3.5928
8.88,-0.47379,3.5908
8.89,0.059343,3.5888
8.9,0.59237,3.6268
8.91,1.1192,3.6248
8.92,1.6337,3.6229
8.93,2.1301,3.6211
8.94,2.6024,3.6193
8.95,3.0453,3.6177
8.96,3.4534,3.6162
8.97,3.822,3.6149
8.98,4.1466,3.6138
8.99,4.4234,3.6129
9,4.6489,3.6539
9.01,4.8204,3.6534
9.02,4.9356,3.6532
9.03,4.9932,3.6532
9.04,4.9921,3.6535
9.05,4.9323,3.654
9.06,4.8142,3.6547
9.07,4.6391,3.6557
9.08,4.4089,3.6569
9.09,4.126,3.6583
9.1,3.7939,3.4815
9.11,3.4161,3.4833
9.12,2.9972,3.4853
9.13,2.5419,3.4874
9.14,2.0557,3.4897
9.15,1.5443,3.492
9.16,1.0138,3.4945
9.17,0.47051,3.497
9.18,-0.079039,3.4995
9.19,-0.62819,3.502
9.2,-1.1703,3.7619
9.21,-1.6987,3.7643
9.22,-2.2069,3.7667
9.23,-2.6887,3.7689
9.24,-3.1381,3.771
9.25,-3.5494,3.7729
9.26,-3.9175,3.7747
9.27,-4.2377,3.7763
9.28,-4.506,3.7776
9.29,-4.7188,3.7788
9.3,-4.8733,3.6252
9.31,-4.9675,3.6259
9.32,-5,3.6263
9.33,-4.9701,3.6265
9.34,-4.8782,3.6264
9.35,-4.7251,3.6261
9.36,-4.5125,3.6256
9.37,-4.243,3.6248
9.38,-3.9198,3.6238
9.39,-3.5469,3.6226
9.4,-3.1287,3.7754
9.41,-2.6704,3.7739
9.42,-2.1778,3.7722
9.43,-1.657,3.7705
9.44,-1.1145,3.7686
9.45,-0.55726,3.7667
9.46,0.0076655,3.7648
9.47,0.57305,3.7629
9.48,1.1316,3.7609
9.49,1.6762,3.7591
9.5,2.1997,3.6201
9.51,2.6953,3.6184
9.52,3.1564,3.6169
9.53,3.5771,3.6155
9.54,3.9516,3.6142
9.55,4.2751,3.6132
9.56,4.543,3.6124
9.57,4.7518,3.6118
9.58,4.8985,3.6114
9.59,4.981,3.6112
9.6,4.9981,3.7118
9.61,4.9493,3.7122
9.62,4.835,3.7128
9.63,4.6567,3.7136
9.64,4.4164,3.7147
9.65,4.1172,3.716
9.66,3.7629,3.7174
9.67,3.3581,3.7191
9.68,2.9079,3.7209
9.69,2.4184,3.7229
9.7,1.896,3.7382
9.71,1.3476,3.7404
9.72,0.78043,3.7426
9.73,0.20223,3.7449
9.74,-0.37927,3.7473
9.75,-0.95619,3.7496
9.76,-1.5207,3.7518
9.77,-2.065,3.754
9.78,-2.5818,3.7561
9.79,-3.0638,3.7581
9.8,-3.5043,3.6894
9.81,-3.8972,3.6911
9.82,-4.237,3.6925
9.83,-4.5188,3.6938
9.84,-4.7385,3.6948
9.85,-4.8931,3.6956
9.86,-4.98,3.6962
9.87,-4.998,3.6965
9.88,-4.9465,3.6965
9.89,-4.8262,3.6964
9.9,-4.6384,3.7482
9.91,-4.3856,3.7475
9.92,-4.0712,3.7466
9.93,-3.6994,3.7455
9.94,-3.2752,3.7443
9.95,-2.8046,3.7429
9.96,-2.2939,3.7413
9.97,-1.7503,3.7396
9.98,-1.1814,3.7378
9.99,-0.59521,3.736
10,-1.2246e-14,3.6853
