5
2063
2036
2601
1316
1715
2049
2040
2075
1489
2773
2377
2061
2250
2459
1488
0
1858
1645
2628
0
0
0
0
2048
2048
1738
792
1567
2084
2048
2048
2337
3305
2519
2059
4095
2512
2336
0
0
1595
1753
0
0
0
0
2045
2051
1745
783
1161
2053
2044
2050
2342
3303
2920
2051
2751
2455
1007
0
1345
1639
3053
0
0
0
0
2054
2052
2070
897
1162
2053
2048
2054
2023
3197
2926
2044
1963
2407
2596
0
2098
1721
1511
0
0
0
0
2066
2039
2596
1326
1711
2047
2043
2078
1492
2762
2381
2057
2048
2458
1348
0
2020
1645
2748
0
0
0
0
