5
2032
2011
2595
1093
1580
1995
2086
2091
1504
3005
2522
2057
2115
2511
1536
0
1948
1590
2558
0
0
0
0
2048
2048
1738
792
1567
2084
2048
2048
2337
3305
2519
2059
4095
2512
2336
0
0
1595
1753
0
0
0
0
2045
2051
1745
783
1161
2053
2044
2050
2342
3303
2920
2051
2751
2455
1007
0
1345
1639
3053
0
0
0
0
2069
2063
2369
717
1157
2025
2074
2105
1776
3370
2973
2046
2264
2373
1075
0
1799
1728
3032
0
0
0
0
2035
2017
2592
1105
1578
1998
2088
2094
1508
2988
2517
2062
2118
2511
1536
0
1946
1590
2558
0
0
0
0
