6
2033
2048
3421
600
1484
2040
2079
2048
674
3485
2598
2061
1860
1521
1536
0
2175
2547
2560
0
0
0
0
2031
2050
3428
590
1476
2037
2085
2051
670
3493
2602
2053
1861
1525
1538
0
2172
2550
2559
0
0
0
0
2031
2045
3385
601
1316
2046
2085
2053
691
3501
2772
2060
2700
2512
2900
0
1400
1595
1200
0
0
0
0
2042
2046
3369
584
1423
2045
2070
2060
714
3516
2686
2057
2100
2512
2900
0
2000
1595
1200
0
0
0
0
2031
2036
3435
546
1412
2002
2085
2077
666
3555
2689
2072
1553
2442
1037
0
2524
1664
3012
0
0
0
0
2031
2023
2596
1114
1583
1995
2085
2097
1515
2975
2513
2070
2120
2509
1539
0
1944
1592
2556
0
0
0
0
