6
1937
2024
3557
563
1350
1953
2205
2070
529
3506
2727
2203
1860
1521
1536
0
2175
2547
2560
0
0
0
0
1956
2016
3544
562
1346
1946
2191
2072
534
3517
2731
2195
1861
1525
1538
0
2172
2550
2559
0
0
0
0
1950
2007
3551
571
1348
1944
2197
2068
529
3522
2735
2196
2700
2512
2900
0
1400
1595
1200
0
0
0
0
2022
2060
3375
556
1482
2097
2065
2052
709
3485
2597
2029
2100
2512
2900
0
2000
1595
1200
0
0
0
0
2035
2052
3268
485
1295
2034
2070
2061
801
3606
2777
2035
1492
2512
1039
0
2631
1585
3013
0
0
0
0
2059
1995
2572
1045
1546
1979
2086
2097
1507
3063
2561
2033
2120
2509
1539
0
1944
1592
2556
0
0
0
0
