6
2028
2048
3421
600
1484
2040
2054
2048
674
3485
2598
2061
1860
1521
1536
0
2175
2547
2560
0
0
0
0
2030
2044
3409
593
1479
2048
2048
2052
679
3509
2595
2063
1861
1525
1538
0
2172
2550
2559
0
0
0
0
2029
2045
3385
601
1475
2046
2047
2053
691
3501
2598
2060
2700
2512
2900
0
1400
1595
1200
0
0
0
0
2025
2046
3369
567
1472
2045
2046
2060
714
3486
2601
2057
2100
2512
2900
0
2000
1595
1200
0
0
0
0
2024
2050
3310
562
1439
2040
2046
2066
767
3530
2642
2075
1492
2512
1039
0
2556
1587
3010
0
0
0
0
2050
2054
2537
1294
1693
2055
2060
2062
1560
2775
2409
2054
2120
2509
1539
0
1944
1592
2556
0
0
0
0
