[[[522 341]]

 [[519 344]]

 [[518 344]]

 [[513 349]]

 [[512 349]]

 [[507 354]]

 [[506 354]]

 [[501 359]]

 [[500 359]]

 [[496 363]]

 [[495 363]]

 [[490 368]]

 [[489 368]]

 [[484 373]]

 [[483 373]]

 [[478 378]]

 [[477 378]]

 [[473 382]]

 [[472 382]]

 [[467 387]]

 [[466 387]]

 [[461 392]]

 [[460 392]]

 [[455 397]]

 [[454 397]]

 [[450 401]]

 [[449 401]]

 [[444 406]]

 [[443 406]]

 [[438 411]]

 [[437 411]]

 [[432 416]]

 [[431 416]]

 [[427 420]]

 [[426 420]]

 [[421 425]]

 [[420 425]]

 [[415 430]]

 [[414 430]]

 [[409 435]]

 [[408 435]]

 [[406 437]]

 [[406 444]]

 [[407 445]]

 [[407 447]]

 [[408 448]]

 [[408 451]]

 [[409 452]]

 [[409 454]]

 [[410 455]]

 [[410 458]]

 [[411 459]]

 [[411 461]]

 [[412 462]]

 [[412 465]]

 [[413 466]]

 [[413 468]]

 [[414 469]]

 [[414 472]]

 [[415 473]]

 [[415 475]]

 [[416 476]]

 [[416 479]]

 [[417 480]]

 [[417 483]]

 [[418 484]]

 [[418 486]]

 [[419 487]]

 [[419 490]]

 [[420 491]]

 [[420 493]]

 [[421 494]]

 [[421 497]]

 [[422 498]]

 [[422 500]]

 [[423 501]]

 [[423 504]]

 [[424 505]]

 [[424 507]]

 [[425 508]]

 [[425 511]]

 [[426 512]]

 [[426 514]]

 [[427 515]]

 [[427 518]]

 [[428 519]]

 [[428 522]]

 [[429 523]]

 [[429 525]]

 [[430 526]]

 [[430 529]]

 [[431 530]]

 [[431 532]]

 [[432 533]]

 [[432 536]]

 [[433 537]]

 [[433 539]]

 [[434 540]]

 [[434 543]]

 [[435 544]]

 [[435 546]]

 [[436 547]]

 [[436 550]]

 [[437 551]]

 [[437 553]]

 [[438 554]]

 [[438 557]]

 [[439 558]]

 [[439 561]]

 [[440 562]]

 [[440 564]]

 [[441 565]]

 [[441 568]]

 [[442 569]]

 [[442 571]]

 [[443 572]]

 [[443 575]]

 [[444 576]]

 [[444 578]]

 [[445 579]]

 [[445 582]]

 [[446 583]]

 [[446 585]]

 [[447 586]]

 [[447 589]]

 [[448 590]]

 [[448 592]]

 [[449 593]]

 [[449 596]]

 [[450 597]]

 [[450 599]]

 [[451 600]]

 [[598 600]]

 [[599 599]]

 [[599 597]]

 [[600 596]]

 [[600 594]]

 [[601 593]]

 [[601 590]]

 [[602 589]]

 [[602 587]]

 [[603 586]]

 [[603 583]]

 [[604 582]]

 [[604 579]]

 [[605 578]]

 [[605 576]]

 [[606 575]]

 [[606 572]]

 [[607 571]]

 [[607 569]]

 [[608 568]]

 [[608 565]]

 [[609 564]]

 [[609 562]]

 [[610 561]]

 [[610 558]]

 [[611 557]]

 [[611 555]]

 [[612 554]]

 [[612 551]]

 [[613 550]]

 [[613 548]]

 [[614 547]]

 [[614 544]]

 [[615 543]]

 [[615 540]]

 [[616 539]]

 [[616 537]]

 [[617 536]]

 [[617 533]]

 [[618 532]]

 [[618 530]]

 [[619 529]]

 [[619 526]]

 [[620 525]]

 [[620 523]]

 [[621 522]]

 [[621 519]]

 [[622 518]]

 [[622 516]]

 [[623 515]]

 [[623 512]]

 [[624 511]]

 [[624 509]]

 [[625 508]]

 [[625 505]]

 [[626 504]]

 [[626 501]]

 [[627 500]]

 [[627 498]]

 [[628 497]]

 [[628 494]]

 [[629 493]]

 [[629 491]]

 [[630 490]]

 [[630 487]]

 [[631 486]]

 [[631 484]]

 [[632 483]]

 [[632 480]]

 [[633 479]]

 [[633 477]]

 [[634 476]]

 [[634 473]]

 [[635 472]]

 [[635 470]]

 [[636 469]]

 [[636 466]]

 [[637 465]]

 [[637 462]]

 [[638 461]]

 [[638 459]]

 [[639 458]]

 [[639 455]]

 [[640 454]]

 [[640 452]]

 [[641 451]]

 [[641 448]]

 [[642 447]]

 [[642 445]]

 [[643 444]]

 [[643 437]]

 [[640 434]]

 [[639 434]]

 [[634 429]]

 [[633 429]]

 [[628 424]]

 [[627 424]]

 [[622 419]]

 [[621 419]]

 [[616 414]]

 [[615 414]]

 [[610 409]]

 [[609 409]]

 [[604 404]]

 [[603 404]]

 [[598 399]]

 [[597 399]]

 [[592 394]]

 [[591 394]]

 [[586 389]]

 [[585 389]]

 [[580 384]]

 [[579 384]]

 [[574 379]]

 [[573 379]]

 [[568 374]]

 [[567 374]]

 [[562 369]]

 [[561 369]]

 [[556 364]]

 [[555 364]]

 [[550 359]]

 [[549 359]]

 [[544 354]]

 [[543 354]]

 [[538 349]]

 [[537 349]]

 [[532 344]]

 [[531 344]]

 [[528 341]]]