5
2057
2061
1565
2749
2418
2060
2055
2060
2521
1317
1676
2048
650
390
850
360
635
160
2048
2048
2337
3293
2519
2059
2048
2048
1738
773
1567
2084
21
411
545
964
623
491
2037
2033
2321
3313
2926
2046
2047
2032
1746
783
1159
2044
426
379
971
585
640
43
2048
2054
1940
3207
2927
2044
2054
2052
2119
882
1157
2053
559
390
850
454
635
160
2057
2061
1570
2795
2445
2060
2055
2060
2529
1307
1684
2043
650
390
850
360
635
160
