6
2041
2048
674
3485
2598
2081
2028
2048
3421
585
1484
2039
650
678
829
360
315
199
2036
2049
697
3474
2605
2074
2033
2055
3400
597
1477
2037
650
676
826
360
315
199
2027
2053
711
3463
2604
2075
2030
2053
3384
607
1470
2036
415
362
402
597
663
606
2019
2052
722
3451
2604
2075
2022
2052
3371
616
1463
2037
700
359
401
316
662
604
2054
2065
736
3505
2628
2069
2031
2052
3355
579
1449
2036
829
366
942
183
652
68
2060
2062
1538
2802
2426
2054
2050
2054
2537
1294
1660
2055
650
390
850
360
635
160
