6
2054
2048
674
3485
2598
2061
2028
2048
3421
600
1484
2040
2175
2547
2560
1860
1521
1536
2048
2052
679
3509
2595
2063
2030
2044
3409
593
1479
2048
2172
2550
2559
1861
1525
1538
2047
2053
691
3501
2598
2060
2029
2045
3385
601
1475
2046
1400
1595
1200
2700
2512
2900
2046
2060
714
3486
2601
2057
2025
2046
3369
567
1472
2045
2000
1595
1200
2100
2512
2900
2046
2066
767
3530
2642
2075
2024
2050
3310
562
1439
2040
2556
1587
3010
1492
2512
1039
2060
2062
1560
2775
2409
2054
2050
2054
2537
1294
1693
2055
1944
1592
2556
2120
2509
1539
